100
102
0102
0102
0109
0111
0120
0113
0130
0132
0210
0212
0227
0234
0242
0244
0310
0312
0327
0334
0342
0344
0410
0412
0427
0434
0442
0444
0210
0310
0410
0510
0610
0710
0810
0161
0162
0163
0262
0262
0262
0263
0270
0274
0362
0363
0370
0374
0463
0470
0474
 008
0162
0163
0166
0262
0263
0265
0269
0362
0363
0365
0370
0462
0463
0465
0180
0181
183
0185
0280
0281
0285
0289
0300
0380
0381
0385
0386
0389
0480
0481
0485
0285
0385
0485
0489
0133
0134
0136
0140
0230
0231
0236
0236
0240
0330
0332
0336
0336
0340
0431
0436
0436
0440
0132
0133
0136
0139
0230
0231
0233
0235
0239
0330
0331
0333
0335
0339
0430
0433
0435
0439
0133
0134
0136
0136
0138
0230
0231
0234
0235
0236
0236
0331
0331
0334
0335
0336
0336
0431
0434
0435
0436
0436
0438
0100
0102
0102
0102
0104
0104
0105
0107
0117
0127
0129
0210
0212
0227
0235
0243
0245
0310
0312
0327
0335
0343
0345
0410
0412
0427
0435
0443
0445
0122
0122
0124
0124
0136
0190
0190
0234
0290
0290
0291
0291
0293
0334
0391
0391
0390
0390
0393
0115
0213
0222
0226
0228
0100
0100
0100
0102
0102
0102
0108
0121
0131
0133
0210
0212
0227
0235
0243
0245
0310
0312
0327
0335
0343
0345
0410
0412
0427
0435
0443
0445
0100
0100
0160
0162
0170
0174
0180
0181
0060
0062
0064
0064
0065
0067
0260
0262
0270
0274
0360
0361
0370
0374
0112
0113
0116
0190
0234
0234
0236
0238
0336
0436
0536
0636
0736
0836
0936
0334
0334
0338
0434
0434
0438
0534
0534
0538
0634
0634
0638
0734
0734
0738
0834
0834
0838
0934
0934
0938
01034
01036
01038
01030
01031
01032
0200
0225
0225
0226
0227
0228
0229
0230
0231
0232
0233
0300
0325
0325
0326
0327
0328
0329
0330
0331
0332
0333
0400
0425
0425
0426
0427
0428
0429
0430
0431
0432
0433
0500
0525
0525
0526
0527
0528
0529
0530
0531
0532
0533
0600
0625
0625
0626
0627
0628
0629
0630
0631
0632
0633
0100
0100
0121
0121
0121
0122
0123
0123
0125
0125
0144
0144
0200
0250
0244
0244
0245
0238
0238
0300
0350
0338
0338
0344
0344
0345
0400
0450
0445
0438
0438
0444
0444
0133
0141
0151
0233
0241
0242
0243
0244
0251
0252
0253
0254
0333
0341
0342
0343
0344
0351
0352
0353
0354
0433
0441
0442
0443
0444
0451
0452
0453
0454
0533
0541
0542
0543
0544
0551
0552
0553
0554
0633
0641
0642
0643
0644
0651
0652
0653
0654
0733
0741
0742
0743
0744
0751
0752
0753
0754
0833
0841
0842
0843
0844
0851
0852
0853
0854
0933
0941
0942
0943
0944
0951
0952
0953
0954
01033
01041
01042
01043
01044
01051
01052
01053
01054
01133
01141
01142
01143
01144
01151
01152
01153
01154
01233
01241
01242
01243
01244
01251
01252
01253
01254
0100
0100
0100
0102
0102
0102
0108
0120
0130
0132
0210
0212
0227
0234
0242
0244
0310
0312
0327
0334
0342
0344
0410
0412
0427
0434
0442
0444
0210
0310
0410
0510
0610
0710
0810
0100
0100
0100
0121
0127
0127
0129
0129
0143
0143
0240
0240
0243
0243
0245
0200
0251
0345
0340
0340
0343
0343
0300
0351
0440
0440
0443
0443
0400
0451
0445
0111
0111
0119
0129
0131
0135
0211
0211
0219
0255
0258
0258
0311
0311
0319
0355
0358
0358
0100
0100
0152
0160
0161
0164
0173
0260
0261
0263
0263
0264
0273
0360
0361
0362
0373
0119
0102
0135
0135
0135
0135
0137
0235
0235
0235
0235
0237
0335
0335
0335
0335
0337
0106
0117
0112
0112
0113
0113
0114
0114
0120
0120
0122
0122
0200
0247
0249
0252
0256
0300
0347
0349
0352
0356
0400
0447
0449
0452
0456
0115
0236
0234
0234
0238
0334
0334
0336
0338
0436
0434
0434
0438
0534
0534
0536
0538
0634
0634
0636
0638
0734
0734
0736
0738
0834
0834
0836
0838
0934
0934
0936
0938
01030
01031
01032
01036
01034
01038
